(0,0) (0,1) (0,2) (0,3) (0,4) 
RRRRR

(0,1) (0,2) (1,0) (1,1) (2,1) 
.RR
RR.
.R.

(0,0) (0,1) (1,1) (1,2) (2,1) 
RR.
.RR
.R.

(0,0) (0,1) (1,0) (2,0) (3,0) 
RR
R.
R.
R.

(0,0) (0,1) (1,1) (2,1) (3,1) 
RR
.R
.R
.R

(0,0) (0,1) (1,0) (1,1) (2,1) 
RR
RR
.R

(0,0) (0,1) (1,0) (1,1) (2,0) 
RR
RR
R.

(0,1) (1,1) (2,0) (2,1) (3,0) 
.R
.R
RR
R.

(0,0) (1,0) (2,0) (2,1) (3,1) 
R.
R.
RR
.R

(0,0) (0,1) (0,2) (1,1) (2,1) 
RRR
.R.
.R.

(0,0) (1,0) (1,1) (1,2) (0,2) 
R.R
RRR

(0,0) (0,1) (0,2) (1,2) (2,2) 
RRR
..R
..R

(0,0) (0,1) (1,1) (1,2) (2,2) 
RR.
.RR
..R

(0,1) (1,0) (1,1) (1,2) (2,1) 
.R.
RRR
.R.

(0,1) (1,0) (1,1) (2,1) (3,1) 
.R
RR
.R
.R

(0,0) (1,0) (1,1) (2,0) (3,0) 
R.
RR
R.
R.

(0,0) (0,1) (1,1) (2,1) (2,2) 
RR.
.R.
.RR

(0,1) (0,2) (1,1) (2,1) (2,0) 
.RR
.R.
RR.

